24
25
26
27
28
30
37
39
42
46
49
50
51
55
56
57
58
59
62
63
66
69
73
74
76
77
78
79
81
82
83
84
85
87
88
89
90
91
92
93
94
95
100
101
102
106
110
111
113
114
115
116
117
118
119
120
121
122
123
124
125
126
127
133
135
138
140
142
146
147
152
154
155
156
158
159
161
162
163
164
165
166
170
173
174
175
178
179
181
182
183
186
187
189
190
191
193
195
197
201
202
203
204
205
206
207
210
211
215
216
217
218
219
220
221
222
223
231
234
235
237
238
239
242
243
245
246
247
249
250
251
252
253
254
